5.811223929631523788e-01
2.100427140248939395e-01
2.139398150029592216e-01
2.184888750198297203e-01
2.122453449992462993e-01
2.230460380087606609e-01
2.115690780337899923e-01
2.325914879911579192e-01
2.139359029824845493e-01
2.194461789913475513e-01
2.136732329963706434e-01
2.215101750334724784e-01
2.028738660155795515e-01
2.189974539796821773e-01
2.207242599688470364e-01
2.070092629874125123e-01
2.150322590023279190e-01
2.203497060108929873e-01
2.271072629955597222e-01
2.216895949677564204e-01
2.035695480299182236e-01
2.033501089899800718e-01
2.112945360131561756e-01
2.311715600080788136e-01
2.060300989542156458e-01
2.098702789517119527e-01
2.179614399792626500e-01
2.353697430226020515e-01
2.169203970115631819e-01
2.160456450073979795e-01
2.055231960257515311e-01
2.017308569629676640e-01
2.099306900054216385e-01
2.130290949717164040e-01
2.147000979748554528e-01
2.101464979932643473e-01
2.125982479774393141e-01
2.143191880313679576e-01
2.261614130111411214e-01
2.248781640082597733e-01
2.074093089904636145e-01
2.058033969951793551e-01
2.141264980309642851e-01
2.134832669980823994e-01
2.026577809592708945e-01
2.199828329612500966e-01
2.193689349805936217e-01
2.166089789825491607e-01
2.168240870232693851e-01
2.013868230278603733e-01
2.068656709743663669e-01
1.997164480271749198e-01
2.016557789756916463e-01
2.165769910207018256e-01
2.155275689437985420e-01
2.207106410060077906e-01
2.186506260186433792e-01
2.042556609958410263e-01
2.082402010564692318e-01
2.034047250053845346e-01
2.135996209690347314e-01
2.054647399927489460e-01
2.252759049879387021e-01
2.141804150305688381e-01
2.130723950103856623e-01
2.179499160265550017e-01
2.261402510339394212e-01
2.150776560301892459e-01
2.178302790271118283e-01
2.169464479666203260e-01
2.080995430005714297e-01
2.164435270242393017e-01
2.178170800325460732e-01
2.125786929973401129e-01
2.076382460072636604e-01
2.110246020019985735e-01
2.227222569636069238e-01
2.110430400352925062e-01
2.083820470143109560e-01
2.119281989871524274e-01
2.298738549579866230e-01
2.343977720011025667e-01
2.155199549742974341e-01
2.129056869889609516e-01
2.000254220329225063e-01
2.036438580253161490e-01
2.150932300137355924e-01
2.076983790029771626e-01
2.046524950419552624e-01
2.016685600392520428e-01
2.221064039622433484e-01
2.299251180374994874e-01
2.052524940227158368e-01
2.115536440396681428e-01
2.171966869500465691e-01
2.114879239816218615e-01
2.128652490209788084e-01
2.153445159783586860e-01
2.122265569632872939e-01
2.119763189693912864e-01
