3.515259539708495140e-01
8.374085999093949795e-03
7.985492004081606865e-03
9.912113018799573183e-03
9.641411015763878822e-03
8.140608959365636110e-03
7.848395965993404388e-03
7.591452973429113626e-03
6.957232020795345306e-03
6.767334998585283756e-03
7.515047967899590731e-03
7.179043954238295555e-03
8.709668996743857861e-03
7.418318011332303286e-03
6.349130009766668081e-03
5.941679992247372866e-03
5.681106005795300007e-03
5.472771008498966694e-03
5.394479958340525627e-03
5.877216986846178770e-03
5.908855993766337633e-03
5.315839021932333708e-03
6.093862990383058786e-03
5.146475974470376968e-03
5.114698957186192274e-03
5.131879996042698622e-03
4.998904012609273195e-03
5.075378983747214079e-03
5.016362993046641350e-03
5.057638976722955704e-03
5.023069039452821016e-03
5.041226977482438087e-03
4.990731948055326939e-03
4.986262007150799036e-03
4.986610962077975273e-03
5.870583001524209976e-03
6.356322963256388903e-03
5.947266996372491121e-03
4.867393989115953445e-03
4.915164958219975233e-03
4.860130022279918194e-03
4.841342975851148367e-03
4.832893027924001217e-03
4.852726997341960669e-03
4.831285972613841295e-03
4.844835959374904633e-03
4.878219973761588335e-03
5.825674976222217083e-03
5.300405027810484171e-03
5.404466995969414711e-03
5.494841025210916996e-03
6.339283019769936800e-03
5.015176022425293922e-03
4.826886986847966909e-03
4.856986983213573694e-03
4.801115952432155609e-03
4.873052006587386131e-03
4.805375996511429548e-03
4.861247958615422249e-03
4.899171995930373669e-03
5.475845013279467821e-03
4.830588004551827908e-03
4.944009007886052132e-03
5.117213004268705845e-03
4.949177033267915249e-03
4.867044975981116295e-03
5.582771031185984612e-03
5.098147026728838682e-03
4.848328011576086283e-03
4.854612983763217926e-03
5.162329995073378086e-03
4.821926995646208525e-03
8.389730006456375122e-03
5.467184004373848438e-03
5.444624985102564096e-03
5.396784981712698936e-03
5.419761990197002888e-03
5.434080027043819427e-03
5.428912001661956310e-03
5.394060979597270489e-03
5.419692955911159515e-03
5.367172998376190662e-03
5.120845977216959000e-03
4.926688969135284424e-03
5.611474975012242794e-03
5.622090015094727278e-03
6.340540014207363129e-03
5.263041006401181221e-03
5.398601002525538206e-03
5.949083017185330391e-03
5.238317011389881372e-03
5.549246969167143106e-03
5.236221011728048325e-03
5.033893976360559464e-03
5.427234980743378401e-03
5.442181020043790340e-03
5.633055989164859056e-03
6.144426995888352394e-03
5.490929994266480207e-03
4.856637970078736544e-03
