3.511090059764683247e-01
5.013570014853030443e-03
5.140191002283245325e-03
4.883248009718954563e-03
4.826815973501652479e-03
5.123847979120910168e-03
4.761586023960262537e-03
4.826118994969874620e-03
4.682176979258656502e-03
4.669605987146496773e-03
4.740702977869659662e-03
4.652774019632488489e-03
4.635524004697799683e-03
4.710951994638890028e-03
4.591104981955140829e-03
4.537467029877007008e-03
4.492699983529746532e-03
5.396226013544946909e-03
4.475170047953724861e-03
4.455963033251464367e-03
4.532089980784803629e-03
4.389125970192253590e-03
5.042553995735943317e-03
4.479709023144096136e-03
4.470560001209378242e-03
4.344289016444236040e-03
4.374040989205241203e-03
4.472377011552453041e-03
4.373761999886482954e-03
4.360213002655655146e-03
4.462319018784910440e-03
4.366078996099531651e-03
4.413360962644219398e-03
4.370059992652386427e-03
4.417271993588656187e-03
4.291419987566769123e-03
4.320194013416767120e-03
4.289394011721014977e-03
5.515513999853283167e-03
4.231217026244848967e-03
4.217179026454687119e-03
4.352390009444206953e-03
4.278918029740452766e-03
4.947011999320238829e-03
4.281153029296547174e-03
4.274728009477257729e-03
4.240155976731330156e-03
4.243857983965426683e-03
4.339330014772713184e-03
4.281433008145540953e-03
4.292397992685437202e-03
4.269769007805734873e-03
4.391640017274767160e-03
4.287158953957259655e-03
4.270258010365068913e-03
4.354205972049385309e-03
4.264182003680616617e-03
4.250074038282036781e-03
4.262017027940601110e-03
4.346524016000330448e-03
5.348036007490009069e-03
4.127922991756349802e-03
4.081688995938748121e-03
4.120030964259058237e-03
3.978045016992837191e-03
4.590895026922225952e-03
3.999206004664301872e-03
3.915049019269645214e-03
3.840318997390568256e-03
3.836897958535701036e-03
3.888439969159662724e-03
3.769711009226739407e-03
3.772085998207330704e-03
3.781863022595643997e-03
3.884807985741645098e-03
3.778721031267195940e-03
3.761259955354034901e-03
3.759235027246177197e-03
3.764333028811961412e-03
3.875170019455254078e-03
3.786612011026591063e-03
3.793945012148469687e-03
3.830750996712595224e-03
4.599206033162772655e-03
3.864064987283200026e-03
3.800161008257418871e-03
3.805329964961856604e-03
4.035383986774832010e-03
4.443462006747722626e-03
3.815456002485007048e-03
3.913092950824648142e-03
3.791500988882035017e-03
3.746175032574683428e-03
4.372644005343317986e-03
3.828726010397076607e-03
3.739189996849745512e-03
3.736326994840055704e-03
3.737025021109730005e-03
3.819087985903024673e-03
3.730878990609198809e-03
