3.940970110124908388e-01
3.152097301790490746e-02
3.195510001387447119e-02
2.562196500366553664e-02
2.453524601878598332e-02
2.505744399968534708e-02
2.189150400226935744e-02
2.155571099137887359e-02
2.255177701590582728e-02
2.153748302953317761e-02
2.147895598318427801e-02
2.393266203580424190e-02
2.107436995720490813e-02
2.019403100712224841e-02
2.566428796853870153e-02
2.064582903403788805e-02
2.051138604292646050e-02
2.270842902362346649e-02
2.011085097910836339e-02
2.114714396884664893e-02
2.292681997641921043e-02
1.998178497888147831e-02
1.967399899149313569e-02
1.970116700977087021e-02
2.325283503159880638e-02
2.347150596324354410e-02
1.992270100163295865e-02
2.273824997246265411e-02
2.394928399007767439e-02
2.416991099016740918e-02
2.287904900731518865e-02
2.330619300482794642e-02
2.640047599561512470e-02
2.161193196661770344e-02
2.142231602920219302e-02
2.222946303663775325e-02
2.269655599957332015e-02
2.563369798008352518e-02
2.018872299231588840e-02
1.929916499648243189e-02
2.356704795965924859e-02
2.089879097184166312e-02
1.984601502772420645e-02
2.312453801278024912e-02
2.159293601289391518e-02
2.065805200254544616e-02
2.361230499809607863e-02
2.529001299990341067e-02
2.090347098419442773e-02
2.474895794875919819e-02
2.077873499365523458e-02
1.996048400178551674e-02
1.990146900061517954e-02
2.088049298617988825e-02
2.121600700775161386e-02
1.940301700960844755e-02
2.571506198728457093e-02
2.250246895710006356e-02
2.053946204250678420e-02
2.220704400679096580e-02
1.939638296607881784e-02
1.907777000451460481e-02
1.909809396602213383e-02
2.144082396989688277e-02
2.055755100445821881e-02
2.181907999329268932e-02
2.094362903153523803e-02
2.766626595985144377e-02
2.526298403972759843e-02
2.538862702203914523e-02
1.915389701025560498e-02
2.056390600046142936e-02
2.193864696891978383e-02
2.014751703245565295e-02
2.038637199439108372e-02
2.183870499720796943e-02
1.994211698183789849e-02
2.083509700605645776e-02
1.981675199931487441e-02
2.090514701558277011e-02
2.011664799647405744e-02
2.221249102149158716e-02
2.136770001379773021e-02
2.071706700371578336e-02
2.019752300111576915e-02
2.033399097854271531e-02
2.108540502376854420e-02
2.021644997876137495e-02
2.111592498840764165e-02
2.336988801835104823e-02
2.538569399621337652e-02
1.961456402204930782e-02
2.125979698030278087e-02
2.355538401752710342e-02
1.886720099719241261e-02
2.240099100163206458e-02
2.148405497428029776e-02
2.282178000314161181e-02
2.029152802424505353e-02
2.187243802472949028e-02
