3.551698820083402097e-01
6.154275033622980118e-03
5.928131984546780586e-03
5.814780015498399734e-03
5.753948993515223265e-03
5.615455040242522955e-03
5.496796977240592241e-03
5.468371033202856779e-03
5.229727015830576420e-03
5.237058969214558601e-03
5.035220994614064693e-03
4.975647025275975466e-03
4.748455015942454338e-03
6.064109969884157181e-03
5.092350009363144636e-03
4.922777996398508549e-03
4.454706970136612654e-03
4.553112026769667864e-03
4.376345954369753599e-03
4.412243957631289959e-03
4.370270005892962217e-03
4.401348007377237082e-03
4.341075953561812639e-03
4.332904005423188210e-03
4.310275951866060495e-03
4.338422033470124006e-03
4.300008993595838547e-03
4.317050974350422621e-03
4.310625023208558559e-03
4.290023003704845905e-03
4.285621980670839548e-03
5.138236039783805609e-03
4.574063990730792284e-03
4.240297013893723488e-03
4.205656005069613457e-03
5.504478991497308016e-03
4.484180011786520481e-03
4.208240017760545015e-03
4.254822968505322933e-03
4.195946967229247093e-03
4.150621010921895504e-03
4.151738015934824944e-03
4.084133019205182791e-03
4.072888987138867378e-03
4.010730015579611063e-03
3.943753021303564310e-03
3.904921992216259241e-03
3.881804994307458401e-03
3.884458972606807947e-03
3.801906947046518326e-03
3.805468964856117964e-03
3.751621989067643881e-03
3.715234983246773481e-03
3.912325017154216766e-03
3.736886021215468645e-03
3.767057030927389860e-03
3.864345024339854717e-03
4.026723967399448156e-03
3.745615947991609573e-03
3.778092039283365011e-03
3.722358960658311844e-03
3.990477009210735559e-03
3.733114979695528746e-03
3.741774999070912600e-03
3.729482996277511120e-03
3.740098967682570219e-03
3.754556004423648119e-03
3.742333967238664627e-03
3.727317031007260084e-03
3.737862978596240282e-03
3.748060029465705156e-03
3.740238025784492493e-03
3.730810014531016350e-03
3.741774009540677071e-03
3.774251032155007124e-03
4.084970976691693068e-03
3.723826026543974876e-03
3.777812002226710320e-03
4.005701979622244835e-03
4.003607027698308229e-03
3.727875999175012112e-03
3.794504969846457243e-03
3.739959036465734243e-03
4.061644023749977350e-03
3.723475965671241283e-03
3.743869019672274590e-03
3.730948956217616796e-03
3.738142957445234060e-03
3.745197027456015348e-03
3.738422994501888752e-03
3.723824978806078434e-03
3.731438016984611750e-03
3.756302001420408487e-03
3.735767968464642763e-03
3.750016039703041315e-03
3.752041026018559933e-03
3.785145992878824472e-03
3.870002052281051874e-03
3.788987000007182360e-03
3.816014970652759075e-03
