1.761609239620156586e-01
8.104289881885051727e-04
8.113369694910943508e-04
8.135020034387707710e-04
8.067270391620695591e-04
8.091719937510788441e-04
8.109180489555001259e-04
8.061679545789957047e-04
8.118950063362717628e-04
8.109179907478392124e-04
8.103589643724262714e-04
8.075659861788153648e-04
8.072170312516391277e-04
8.093119831755757332e-04
8.032359764911234379e-04
8.040030370466411114e-04
8.060989785008132458e-04
7.997430511750280857e-04
8.015590137802064419e-04
8.072860073298215866e-04
8.111280039884150028e-04
8.072860073298215866e-04
8.140599820762872696e-04
8.051210315898060799e-04
8.074960205703973770e-04
8.027470321394503117e-04
8.010710007511079311e-04
7.988360011950135231e-04
8.043529815040528774e-04
8.033050107769668102e-04
8.046330185607075691e-04
8.078450337052345276e-04
8.019090164452791214e-04
8.052609628066420555e-04
8.183210156857967377e-04
7.954830070957541466e-04
8.044230053201317787e-04
8.047719602473080158e-04
8.071470074355602264e-04
8.137809927575290203e-04
8.112670038826763630e-04
8.109880145639181137e-04
8.057499653659760952e-04
8.059589890763163567e-04
7.976479828357696533e-04
7.968100253492593765e-04
8.100099512375891209e-04
8.043529815040528774e-04
8.125940221361815929e-04
8.061690023168921471e-04
8.096609963104128838e-04
8.002319955267012119e-04
8.018389926292002201e-04
7.996039930731058121e-04
7.984869880601763725e-04
8.061690023168921471e-04
8.083339780569076538e-04
8.077059756033122540e-04
8.101499988697469234e-04
8.081940468400716782e-04
8.519149851053953171e-04
8.053309866227209568e-04
7.984159747138619423e-04
8.051219629123806953e-04
8.097309619188308716e-04
8.019789820536971092e-04
8.051909971982240677e-04
8.047019946388900280e-04
8.070069598034024239e-04
8.019080269150435925e-04
8.042830158956348896e-04
8.230700041167438030e-04
8.124550222419202328e-04
8.060999680310487747e-04
8.054009522311389446e-04
8.123149746097624302e-04
8.026070427149534225e-04
8.044929709285497665e-04
8.012100006453692913e-04
8.107090252451598644e-04
8.084740256890654564e-04
8.104990120045840740e-04
8.095909724943339825e-04
8.028859738260507584e-04
8.144099847413599491e-04
8.191590313799679279e-04
8.123149746097624302e-04
8.091719937510788441e-04
8.004420087672770023e-04
8.014900377020239830e-04
8.088919566944241524e-04
8.088229806162416935e-04
8.019089582376182079e-04
8.038639789447188377e-04
8.048419840633869171e-04
7.988349534571170807e-04
8.035840000957250595e-04
7.990449666976928711e-04
8.035150240175426006e-04
7.952040177769958973e-04
