2.323486732959281653e+00
2.121283404994755983e+00
2.128511896007694304e+00
2.122394847043324262e+00
2.130711033998522907e+00
2.122485150001011789e+00
2.128745651978533715e+00
2.121435376990120858e+00
2.129171330016106367e+00
2.121203507005702704e+00
2.129112803959287703e+00
2.121872299991082400e+00
2.127861123008187860e+00
2.122495346993673593e+00
2.131405666994396597e+00
2.122081960027571768e+00
2.128994074999354780e+00
2.121700493036769331e+00
2.129317226994317025e+00
2.121256446989718825e+00
2.128493946976959705e+00
2.121120327035896480e+00
2.129993701993953437e+00
2.120874557993374765e+00
2.127851832949090749e+00
2.123132851033005863e+00
2.130504375032614917e+00
2.122215146024245769e+00
2.129609858966432512e+00
2.121909245033748448e+00
2.129613001015968621e+00
2.122138671053107828e+00
2.129041637002956122e+00
2.122026995988562703e+00
2.129859958018641919e+00
2.121505986026022583e+00
2.129337062011472881e+00
2.121482660004403442e+00
2.128795238968450576e+00
2.120596243999898434e+00
2.128680770983919501e+00
2.122509595006704330e+00
2.129065242013894022e+00
2.121060265053529292e+00
2.130893248016946018e+00
2.122343863011337817e+00
2.128857118019368500e+00
2.121195895015262067e+00
2.128667081997264177e+00
2.121130175015423447e+00
2.129521859984379262e+00
2.122516788018401712e+00
2.128641659975983202e+00
2.121791773999575526e+00
2.128102631017100066e+00
2.122142164036631584e+00
2.128886659978888929e+00
2.121034493029583246e+00
2.127759993018116802e+00
2.121870554052293301e+00
2.129072576004546136e+00
2.121060124016366899e+00
2.128604085999540985e+00
2.121843106055166572e+00
2.129199546005111188e+00
2.121621222991961986e+00
2.128429066040553153e+00
2.120664408023003489e+00
2.128739506006240845e+00
2.121392216009553522e+00
2.129281329049263149e+00
2.121766351978294551e+00
2.128694180049933493e+00
2.122516648028977215e+00
2.128487871028482914e+00
2.122308871999848634e+00
2.128974099992774427e+00
2.121597826015204191e+00
2.128633906948380172e+00
2.121508501004427671e+00
2.129271482001058757e+00
2.122203552979044616e+00
2.129080118960700929e+00
2.121408767998218536e+00
2.128698998945765197e+00
2.122563440992962569e+00
2.128661913971882313e+00
2.122381226974539459e+00
2.129502374038565904e+00
2.121133107983041555e+00
2.128414887993130833e+00
2.122612958017271012e+00
2.128289803978987038e+00
2.122014844964724034e+00
2.128953428007662296e+00
2.121474138984922320e+00
2.129178104980383068e+00
2.122154315991792828e+00
2.129379594000056386e+00
2.121982787968590856e+00
