2.037214509909972548e-01
2.804354397812858224e-02
2.801169699523597956e-02
2.804836299037560821e-02
2.803516300627961755e-02
2.805828000418841839e-02
2.805408998392522335e-02
2.806687098927795887e-02
2.803097199648618698e-02
2.803788695018738508e-02
2.801630698377266526e-02
2.767199301160871983e-02
2.638608898269012570e-02
2.629857999272644520e-02
2.624110097531229258e-02
2.626330999191850424e-02
2.622922800946980715e-02
2.631331497104838490e-02
2.623537305044010282e-02
2.667257498251274228e-02
2.624731598189100623e-02
2.627706900238990784e-02
2.625534799881279469e-02
2.625891001662239432e-02
2.622776100179180503e-02
2.624130999902263284e-02
2.625157701550051570e-02
2.627050399314612150e-02
2.625304297544062138e-02
2.625730301951989532e-02
2.624508098233491182e-02
2.627455402398481965e-02
2.623090299312025309e-02
2.626282098935917020e-02
2.622224396327510476e-02
2.626344899181276560e-02
2.623327798210084438e-02
2.635333500802516937e-02
2.623306895839050412e-02
2.626582403900101781e-02
2.623572299489751458e-02
2.624871302396059036e-02
2.623977401526644826e-02
2.624047198332846165e-02
2.623153297463431954e-02
2.627015399048104882e-02
2.623355801915749907e-02
2.625939896097406745e-02
2.621784404618665576e-02
2.626784896710887551e-02
2.623181202216073871e-02
2.631450298940762877e-02
2.622901799622923136e-02
2.624549996107816696e-02
2.622496802359819412e-02
2.624962100526317954e-02
2.623439597664400935e-02
2.624585002195090055e-02
2.624214801471680403e-02
2.657766203628852963e-02
2.624312601983547211e-02
2.624996996019035578e-02
2.624305599601939321e-02
2.626442798646166921e-02
2.622538595460355282e-02
2.625003998400643468e-02
2.623160200892016292e-02
2.624626801116392016e-02
2.623432700056582689e-02
2.625870000338181853e-02
2.621903101680800319e-02
2.626107499236240983e-02
3.070446703350171447e-02
4.452003497863188386e-02
4.374857700895518064e-02
4.453330498654395342e-02
2.993531397078186274e-02
2.626107499236240983e-02
2.624780498445034027e-02
2.626449696253985167e-02
2.622615499421954155e-02
2.625464997254312038e-02
2.627197001129388809e-02
2.625339198857545853e-02
2.622894797241315246e-02
2.625066798646003008e-02
2.623621199745684862e-02
2.626959496410563588e-02
2.623865701025351882e-02
2.626219298690557480e-02
2.622601500479504466e-02
2.625332301249727607e-02
2.623139199567958713e-02
2.624885301338508725e-02
2.623732900246977806e-02
2.626170299481600523e-02
2.626582398079335690e-02
2.626505598891526461e-02
2.622636395972222090e-02
2.626826800405979156e-02
