4.031949240015819669e-01
2.195473770261742175e-01
2.096709530451335013e-01
2.108303760178387165e-01
2.104352180031128228e-01
2.122283730423077941e-01
2.083320419769734144e-01
2.111938259913586080e-01
2.103827680111862719e-01
2.115751550300046802e-01
2.088179909624159336e-01
2.108639689977280796e-01
2.088730960385873914e-01
2.130369159858673811e-01
2.095283400267362595e-01
2.115873770089820027e-01
2.099290139740332961e-01
2.121815799619071186e-01
2.104097959818318486e-01
2.109541330137290061e-01
2.112123330007307231e-01
2.124443890061229467e-01
2.095203080098144710e-01
2.119784829556010664e-01
2.085730609833262861e-01
2.113054300425574183e-01
2.087215419742278755e-01
2.106511649908497930e-01
2.084586619748733938e-01
2.112427840474992990e-01
2.102638290380127728e-01
2.119147889898158610e-01
2.103610479971393943e-01
2.089273619931191206e-01
2.064251870033331215e-01
2.111750390031374991e-01
2.085840259678661823e-01
2.113988079945556819e-01
2.096011820249259472e-01
2.114972129929810762e-01
2.102124269586056471e-01
2.092338220099918544e-01
2.064909759792499244e-01
2.095012410427443683e-01
2.063351619872264564e-01
2.115595799987204373e-01
2.081886589876376092e-01
2.098192250123247504e-01
2.079961090348660946e-01
2.105030340026132762e-01
2.105681250104680657e-01
2.116811030427925289e-01
2.091675429837778211e-01
2.114033469697460532e-01
2.093843289767391980e-01
2.108391759684309363e-01
2.080786600126884878e-01
2.120400139829143882e-01
2.095794620108790696e-01
2.115875859744846821e-01
2.098797070211730897e-01
2.100923709804192185e-01
2.072580340318381786e-01
2.073678239830769598e-01
2.070656240102835000e-01
2.116859219968318939e-01
2.101420270046219230e-01
2.106849679839797318e-01
2.097528070444241166e-01
2.107020789990201592e-01
2.073937350069172680e-01
2.074484199983999133e-01
2.102259759558364749e-01
2.102808009949512780e-01
2.101471260539256036e-01
2.093325760215520859e-01
2.106335659627802670e-01
2.098960500443354249e-01
2.104496060055680573e-01
2.093712690402753651e-01
2.094848289852961898e-01
2.113893789937719703e-01
2.076525640441104770e-01
2.092786590219475329e-01
2.072399460012093186e-01
2.083471969817765057e-01
2.087627470027655363e-01
2.115421899943612516e-01
2.087197959772311151e-01
2.081736430409364402e-01
2.105436110286973417e-01
2.103114610072225332e-01
2.089541809982620180e-01
2.112984469858929515e-01
2.088002520031295717e-01
2.112396410084329545e-01
2.087623280240222812e-01
2.099065259681083262e-01
2.088725380017422140e-01
2.077207969850860536e-01
