1.791229990194551647e-01
3.099870984442532063e-03
3.126060008071362972e-03
3.091069986112415791e-03
3.106504969764500856e-03
3.099939960520714521e-03
3.129483025986701250e-03
3.091977967415004969e-03
3.109019016847014427e-03
3.099451016169041395e-03
3.102314949501305819e-03
3.098683024290949106e-03
3.110137011390179396e-03
3.100779023952782154e-03
3.104270959738641977e-03
3.100430010817945004e-03
3.110066987574100494e-03
3.099940018728375435e-03
3.117539978120476007e-03
3.117820015177130699e-03
3.111883008386939764e-03
3.081922011915594339e-03
3.117190964985638857e-03
3.093306033406406641e-03
3.097285982221364975e-03
3.103850991465151310e-03
3.100498986896127462e-03
3.098752989899367094e-03
3.097984998021274805e-03
3.096936969086527824e-03
3.113768994808197021e-03
3.111463971436023712e-03
3.118866996373981237e-03
3.094842017162591219e-03
3.094911982771009207e-03
3.093584033194929361e-03
3.108110977336764336e-03
3.099941008258610964e-03
3.111883008386939764e-03
3.098124987445771694e-03
3.107482974883168936e-03
3.086392011027783155e-03
3.107762022409588099e-03
3.098124987445771694e-03
3.099451016169041395e-03
3.112790989689528942e-03
3.100358997471630573e-03
3.093025996349751949e-03
3.107413009274750948e-03
3.083039016928523779e-03
3.103850991465151310e-03
3.099451016169041395e-03
3.079128044191747904e-03
3.087649005465209484e-03
3.096447966527193785e-03
3.086601034738123417e-03
3.114188031759113073e-03
3.104550007265061140e-03
3.108042001258581877e-03
3.088695986662060022e-03
3.100639034528285265e-03
3.095401043538004160e-03
3.102454997133463621e-03
3.104479983448982239e-03
3.102872986346483231e-03
3.081850998569279909e-03
3.097006992902606726e-03
3.095610009040683508e-03
3.106435993686318398e-03
3.094701969530433416e-03
3.104619972873479128e-03
3.110836027190089226e-03
3.099660971201956272e-03
3.100430010817945004e-03
3.108600969426333904e-03
3.103082999587059021e-03
3.103711991570889950e-03
3.086741024162620306e-03
3.093864012043923140e-03
3.093793988227844238e-03
3.097216947935521603e-03
3.083876974415034056e-03
3.097145992796868086e-03
3.097635984886437654e-03
3.094771993346512318e-03
3.090790996793657541e-03
3.100848000030964613e-03
3.089044999796897173e-03
3.089883015491068363e-03
3.078429959714412689e-03
3.095749998465180397e-03
3.092677041422575712e-03
3.115515050012618303e-03
3.073192026931792498e-03
3.001743985805660486e-03
2.988894004374742508e-03
3.017319017089903355e-03
2.997205010615289211e-03
2.940215985290706158e-03
2.914444019552320242e-03
