4.577241003402741626e+01
4.556959537696093321e+01
4.553941597900120541e+01
4.556683667801553383e+01
4.551869158499175683e+01
4.557372944400412962e+01
4.551655970403226092e+01
4.554662931303028017e+01
4.550771510595222935e+01
4.547115895000752062e+01
4.546857416699640453e+01
4.546539684501476586e+01
4.546839809999801219e+01
4.549469101097201928e+01
4.548670063295867294e+01
4.548462664999533445e+01
4.546496111003216356e+01
4.551749343599658459e+01
4.551518513896735385e+01
4.548061871505342424e+01
4.547450013103662059e+01
4.546367136901244521e+01
4.546127263701055199e+01
4.547049751598387957e+01
4.549019518302520737e+01
4.551488693396095186e+01
4.548642219102475792e+01
4.547798238904215395e+01
4.546508243505377322e+01
4.551406665699323639e+01
4.549022207199595869e+01
4.547498092503519729e+01
4.546157423901604488e+01
4.554513849003706127e+01
4.546934287401381880e+01
4.547607388801407069e+01
4.548592725902562961e+01
4.551671921997331083e+01
4.547853171301539987e+01
4.550710994098335505e+01
4.548378343600779772e+01
4.549528825498418882e+01
4.548878101003356278e+01
4.553150556201580912e+01
4.547831381100695580e+01
4.548852420604089275e+01
4.549981587304500863e+01
4.552325866097817197e+01
4.554618120798841119e+01
4.549556782701984048e+01
4.549890319799305871e+01
4.549296689801849425e+01
4.552380746696144342e+01
4.548701788700418547e+01
4.550250026001594961e+01
4.550533324299613014e+01
4.548271660698810592e+01
4.545774884999264032e+01
4.550905372499255463e+01
4.551276798098115250e+01
4.549394793098326772e+01
4.548474882502341643e+01
4.549880310101434588e+01
4.549258122302126139e+01
4.553548820200376213e+01
4.548287514405092224e+01
4.549078129394911230e+01
4.547405862400773913e+01
4.549058860499644652e+01
4.557494191901059821e+01
4.549610635102726519e+01
4.549791843100683764e+01
4.547887070203432813e+01
4.548559948202455416e+01
4.548209712200332433e+01
4.549589843599824235e+01
4.547494322399143130e+01
4.550648184702731669e+01
4.550172361999284476e+01
4.549134050903376192e+01
4.552436841197777539e+01
4.553167742601362988e+01
4.551147474499884993e+01
4.549442368600284681e+01
4.548676267598057166e+01
4.557250923302490264e+01
4.548783521499717608e+01
4.548514133004937321e+01
4.549326314701465890e+01
4.550776076898910105e+01
4.550817206001374871e+01
4.547986893402412534e+01
4.548566513299010694e+01
4.548925234802300110e+01
4.549921124899992719e+01
4.550039714004378766e+01
4.548617322195786983e+01
4.546987071301555261e+01
4.548509767901850864e+01
4.549503429996548221e+01
