5.819668993353843689e-03
5.810171016491949558e-03
5.698077031411230564e-03
5.489952047355473042e-03
5.507481982931494713e-03
5.380860995501279831e-03
6.130877998657524586e-03
5.380302958656102419e-03
5.382956005632877350e-03
5.226722976658493280e-03
5.342588003259152174e-03
5.359070957638323307e-03
5.231960967648774385e-03
5.341750045772641897e-03
5.341470998246222734e-03
5.367522011511027813e-03
5.344893026631325483e-03
5.351249012164771557e-03
5.356836016289889812e-03
5.343495984561741352e-03
5.406562006101012230e-03
5.223091982770711184e-03
5.361795017961412668e-03
5.896981980185955763e-03
5.350899999029934406e-03
5.397902044933289289e-03
5.345033016055822372e-03
5.227142013609409332e-03
5.341681011486798525e-03
5.225814995355904102e-03
5.342727992683649063e-03
5.274424038361757994e-03
5.342588992789387703e-03
5.358582013286650181e-03
5.225885019171983004e-03
5.384423013310879469e-03
5.339864990673959255e-03
5.360188020858913660e-03
5.397202970925718546e-03
5.397065018769353628e-03
5.233707022853195667e-03
5.937349982559680939e-03
5.344963050447404385e-03
5.393502011429518461e-03
5.340424017049372196e-03
5.361375981010496616e-03
5.355719011276960373e-03
5.235941964201629162e-03
5.344823002815246582e-03
5.359558970667421818e-03
5.346919002477079630e-03
5.223790009040385485e-03
5.341471987776458263e-03
5.347826983779668808e-03
5.340632982552051544e-03
5.345801007933914661e-03
5.286506959237158298e-03
5.233846954070031643e-03
5.363750969991087914e-03
5.930925020948052406e-03
5.230006005149334669e-03
5.260177014861255884e-03
5.369896010961383581e-03
5.359908973332494497e-03
5.343287019059062004e-03
5.347267957404255867e-03
5.223999964073300362e-03
5.338677030522376299e-03
5.360189010389149189e-03
5.220716993790119886e-03
5.224419001024216413e-03
5.338607996236532927e-03
5.365355988033115864e-03
5.344265024177730083e-03
5.398252047598361969e-03
5.347408005036413670e-03
6.004046997986733913e-03
5.296843010000884533e-03
5.225675005931407213e-03
6.193106004502624273e-03
5.345173005480319262e-03
5.391966027673333883e-03
5.366055003833025694e-03
5.364448006730526686e-03
5.339446011930704117e-03
5.353973014280200005e-03
5.234405980445444584e-03
5.239224992692470551e-03
5.231333023402839899e-03
5.230494018178433180e-03
5.233008996583521366e-03
5.284621031023561954e-03
5.289090971928089857e-03
5.224558000918477774e-03
6.084573979023844004e-03
5.356836016289889812e-03
5.382467992603778839e-03
5.342938005924224854e-03
5.348246020730584860e-03
5.222184001468122005e-03
