4.921261100098490715e-01
4.714429159648716450e-01
4.576603829627856612e-01
4.581786700291559100e-01
4.569958509528078139e-01
4.561720819910988212e-01
4.586732099996879697e-01
4.565085030044429004e-01
4.588149859919212759e-01
4.569920800277031958e-01
4.584444129723124206e-01
4.577757599763572216e-01
4.585221449960954487e-01
4.592748860013671219e-01
4.593679829849861562e-01
4.585218660067766905e-01
4.573332500294782221e-01
4.590658539673313498e-01
4.574929749942384660e-01
4.581271270290017128e-01
4.603712420212104917e-01
4.564183400361798704e-01
4.583962929900735617e-01
4.568017640267498791e-01
4.590641069808043540e-01
4.563662380096502602e-01
4.577247760025784373e-01
4.567473580245859921e-01
4.577937090070918202e-01
4.587795780389569700e-01
4.563702889718115330e-01
4.588046499993652105e-01
4.567150920047424734e-01
4.584017399465665221e-01
4.569182579871267080e-01
4.586037190165370703e-01
4.567430979805067182e-01
4.568866899935528636e-01
4.604086769977584481e-01
4.568183860392309725e-01
4.585550400079227984e-01
4.567180260200984776e-01
4.588574490044265985e-01
4.566344959894195199e-01
4.584735360112972558e-01
4.592147530056536198e-01
4.570888080052100122e-01
4.580467399791814387e-01
4.568588929832912982e-01
4.589851179625838995e-01
4.564572409726679325e-01
4.587445179931819439e-01
4.563473109737969935e-01
4.573240319732576609e-01
4.578120060032233596e-01
4.568653889582492411e-01
4.589817659580148757e-01
4.565938489977270365e-01
4.579646090278401971e-01
4.563761559547856450e-01
4.587031719856895506e-01
4.588239260483533144e-01
4.568253000034019351e-01
4.586120290332473814e-01
4.567159999860450625e-01
4.580998189630918205e-01
4.571683569811284542e-01
4.582741410122253001e-01
4.575068039703182876e-01
4.584317719563841820e-01
4.595155559945851564e-01
4.566349849919788539e-01
4.583703820244409144e-01
4.592910190112888813e-01
4.576890880125574768e-01
4.559152079746127129e-01
4.588628269848413765e-01
4.595437020179815590e-01
4.565407700138166547e-01
4.581689619808457792e-01
4.564201559987850487e-01
4.582891570171341300e-01
4.565786240273155272e-01
4.583668200066313148e-01
4.570825229748152196e-01
4.581464730435982347e-01
4.573590219952166080e-01
4.565041729947552085e-01
4.578795420238748193e-01
4.557049189461395144e-01
4.578347749775275588e-01
4.582151260110549629e-01
4.593216089997440577e-01
4.584188509616069496e-01
4.569371150573715568e-01
4.599992720177397132e-01
4.558224600041285157e-01
4.594614299712702632e-01
4.562291420297697186e-01
4.574276049970649183e-01
