4.436142998747527599e-02
4.415351501666009426e-02
4.419527901336550713e-02
4.416713298996910453e-02
4.407152102794498205e-02
4.493921995162963867e-02
4.421846597688272595e-02
4.398387199034914374e-02
4.411782597890123725e-02
4.415302601410076022e-02
4.388707299949601293e-02
4.154245799873024225e-02
4.153295903233811259e-02
4.148239397909492254e-02
4.146779701113700867e-02
4.160978400614112616e-02
4.147359501803293824e-02
4.154608899261802435e-02
4.148546804208308458e-02
4.152150498703122139e-02
4.147953103529289365e-02
4.150607000337913632e-02
4.154525103513151407e-02
4.139327799202874303e-02
4.152583598624914885e-02
4.159400000935420394e-02
4.141548700863495469e-02
4.150572104845196009e-02
4.143343598116189241e-02
4.147778498008847237e-02
4.140207800082862377e-02
4.224798595532774925e-02
4.151871200883761048e-02
4.136590100824832916e-02
4.148798203095793724e-02
4.150139103876426816e-02
4.161467298399657011e-02
4.149007704108953476e-02
4.157709801802411675e-02
4.162200499558821321e-02
4.150202003074809909e-02
4.161104100057855248e-02
4.153966397279873490e-02
4.157171997940167785e-02
4.167410702211782336e-02
4.153840598883107305e-02
4.164882400073111057e-02
4.150956199737265706e-02
4.160671000136062503e-02
4.155754199018701911e-02
4.163681203499436378e-02
4.152590502053499222e-02
4.157814604695886374e-02
4.159888799767941236e-02
4.164288798347115517e-02
4.160831699846312404e-02
4.152506700484082103e-02
4.148798197275027633e-02
4.149077500915154815e-02
4.139774799114093184e-02
4.149426799267530441e-02
4.158701596315950155e-02
4.160880600102245808e-02
4.157709801802411675e-02
4.138398903887718916e-02
4.171377600869163871e-02
4.151989897945895791e-02
4.149475600570440292e-02
4.148560698376968503e-02
4.144251602701842785e-02
4.153198201674968004e-02
4.142358899116516113e-02
4.152220400283113122e-02
4.139893501996994019e-02
4.146472498541697860e-02
4.151340399403125048e-02
4.155488900141790509e-02
4.150935303186997771e-02
4.141555703245103359e-02
4.174038500059396029e-02
4.154001298593357205e-02
4.155502899084240198e-02
4.151473101228475571e-02
4.149056598544120789e-02
4.162647499470040202e-02
4.147883300902321935e-02
4.150292795384302735e-02
4.142533399863168597e-02
4.160098300781100988e-02
4.153512499760836363e-02
4.149042599601671100e-02
4.153372801374644041e-02
4.137742496095597744e-02
4.145557602168992162e-02
4.151137900771573186e-02
4.151473002275452018e-02
4.153358796611428261e-02
4.150572197977453470e-02
4.165776399895548820e-02
4.149454704020172358e-02
