4.354516873019747436e+00
4.281946445989888161e+00
4.298128489986993372e+00
4.276852769020479172e+00
4.297649454034399241e+00
4.277344935049768537e+00
4.294886353949550539e+00
4.276247531000990421e+00
4.297293058014474809e+00
4.276042408950161189e+00
4.286580083018634468e+00
4.259729554003570229e+00
4.256150996021460742e+00
4.262185774976387620e+00
4.295223544992040843e+00
4.277502565004397184e+00
4.296503930003382266e+00
4.276262266968842596e+00
4.296759546035900712e+00
4.273685920983552933e+00
4.287540110992267728e+00
4.256729274988174438e+00
4.250574161997064948e+00
4.256472402019426227e+00
4.252831406949553639e+00
4.255459924985188991e+00
4.255948318983428180e+00
4.249037391971796751e+00
4.304289260995574296e+00
4.278008488996420056e+00
4.298100903048180044e+00
4.275526356999762356e+00
4.299295594973955303e+00
4.276853677001781762e+00
4.296570418984629214e+00
4.274169216980226338e+00
4.296152632043231279e+00
4.276615939044859260e+00
4.298170394031330943e+00
4.274083033960778266e+00
4.295105304045137018e+00
4.278094952052924782e+00
4.297952911001630127e+00
4.275882824033033103e+00
4.294880488014314324e+00
4.275510852981824428e+00
4.295289474015589803e+00
4.276450346980709583e+00
4.295571908995043486e+00
4.276529615977779031e+00
4.295322507969103754e+00
4.274850860005244613e+00
4.294518363953102380e+00
4.276010631991084665e+00
4.298079602012876421e+00
4.276591914996970445e+00
4.298065632989164442e+00
4.254680924001149833e+00
4.268896888010203838e+00
4.249857110029552132e+00
4.254725133010651916e+00
4.259163148002699018e+00
4.251621350995264947e+00
4.255548411980271339e+00
4.257717937987763435e+00
4.259246536996215582e+00
4.261447280994616449e+00
4.255159190972335637e+00
4.258073495991993695e+00
4.256626959017012268e+00
4.295707679004408419e+00
4.278058006020728499e+00
4.296658067964017391e+00
4.275793847045861185e+00
4.298737290024291724e+00
4.275264316005632281e+00
4.296045986004173756e+00
4.271464504010509700e+00
4.293530958995688707e+00
4.276577876007650048e+00
4.295509679999668151e+00
4.277144211984705180e+00
4.295406037010252476e+00
4.276343211997300386e+00
4.295680022041779011e+00
4.275796570989768952e+00
4.295405479031614959e+00
4.277284173003863543e+00
4.295259301958139986e+00
4.278973615029826760e+00
4.298533076012972742e+00
4.276971427025273442e+00
4.297390554973389953e+00
4.280060821969527751e+00
4.293475367012433708e+00
4.276591075991746038e+00
4.294945648987777531e+00
4.274635263020172715e+00
4.301267262024339288e+00
4.274833818955812603e+00
