2.157030497037339956e+00
2.106134861009195447e+00
2.109679126995615661e+00
2.109046582016162574e+00
2.110031750984489918e+00
2.109907086007297039e+00
2.109029191022273153e+00
2.110804955009371042e+00
2.110026443027891219e+00
2.107333883002866060e+00
2.109676611959002912e+00
2.107992478006053716e+00
2.109009006991982460e+00
2.108306901005562395e+00
2.108671188994776458e+00
2.108971781970467418e+00
2.109618294984102249e+00
2.111539677018299699e+00
2.112128153967205435e+00
2.109312814020086080e+00
2.109541192010510713e+00
2.107104107970371842e+00
2.109265741019044071e+00
2.108805422030854970e+00
2.109501173021271825e+00
2.110394223011098802e+00
2.110675470961723477e+00
2.109024720964953303e+00
2.109190522984135896e+00
2.109813429997302592e+00
2.110829469980672002e+00
2.111597925017122179e+00
2.111957254004664719e+00
2.107524966006167233e+00
2.109236408025026321e+00
2.107419367996044457e+00
2.108404607977718115e+00
2.108770153019577265e+00
2.109829702007118613e+00
2.107654101972002536e+00
2.109777531004510820e+00
2.108297332015354186e+00
2.109245905012357980e+00
2.109430005017202348e+00
2.110576786973979324e+00
2.107862854958511889e+00
2.109280336997471750e+00
2.108195505046751350e+00
2.109041691990569234e+00
2.108761353010777384e+00
2.108965217019431293e+00
2.107053960964549333e+00
2.109058592992369086e+00
2.109164331981446594e+00
2.110271793033462018e+00
2.107507994980551302e+00
2.109621509036514908e+00
2.107876543013844639e+00
2.108987146988511086e+00
2.108108344022184610e+00
2.108954950002953410e+00
2.107539841963443905e+00
2.108220438007265329e+00
2.108051005052402616e+00
2.108743892051279545e+00
2.107652914011850953e+00
2.109279987984336913e+00
2.107278079958632588e+00
2.109465554007329047e+00
2.109412615012843162e+00
2.108825745992362499e+00
2.109411287994589657e+00
2.110925151035189629e+00
2.107864111021626741e+00
2.108864158042706549e+00
2.108061480044852942e+00
2.109121170011349022e+00
2.107737700047437102e+00
2.108835174003615975e+00
2.108789497986435890e+00
2.108911090996116400e+00
2.108781118004117161e+00
2.110894141020253301e+00
2.107878218987025321e+00
2.108535559033043683e+00
2.108526688010897487e+00
2.109029958955943584e+00
2.109292907989583910e+00
2.110446184000466019e+00
2.109298705996479839e+00
2.109611660009250045e+00
2.108146686980035156e+00
2.109122078982181847e+00
2.108441482996568084e+00
2.109609565988648683e+00
2.107893234991934150e+00
2.109511090035084635e+00
2.108045067987404764e+00
2.108853751036804169e+00
2.109000207972712815e+00
