2.951717900577932596e-02
2.810933499131351709e-02
2.909639099380001426e-02
2.809173497371375561e-02
2.812365203863009810e-02
2.939139702357351780e-02
2.817749901441857219e-02
2.806149399839341640e-02
2.969764801673591137e-02
2.806819899706169963e-02
2.811073098564520478e-02
2.928223594790324569e-02
2.817198203410953283e-02
2.810402703471481800e-02
2.936276199761778116e-02
2.812986803473904729e-02
2.808447100687772036e-02
2.806163404602557421e-02
2.948009403189644217e-02
2.806009800406172872e-02
2.810025599319487810e-02
2.913480304414406419e-02
2.646927000023424625e-02
2.632204594556242228e-02
2.754614100558683276e-02
2.636883902596309781e-02
2.633322100155055523e-02
2.631450397893786430e-02
2.758050203556194901e-02
2.630388899706304073e-02
2.633433800656348467e-02
2.753580501303076744e-02
2.634355798363685608e-02
2.633873798185959458e-02
2.639747399371117353e-02
2.664058899972587824e-02
2.632861101301386952e-02
2.630298002623021603e-02
2.756828098790720105e-02
2.631631999975070357e-02
2.633217303082346916e-02
2.685779304010793567e-02
2.641032496467232704e-02
2.631743700476363301e-02
2.634048397885635495e-02
2.760005701566115022e-02
2.635179902426898479e-02
2.630039601353928447e-02
2.760033699451014400e-02
2.629613596946001053e-02
2.667900099186226726e-02
2.629550796700641513e-02
2.759474999038502574e-02
2.632407197961583734e-02
2.637708099791780114e-02
2.750242099864408374e-02
2.638427400961518288e-02
2.628817397635430098e-02
2.631687902612611651e-02
2.652709902031347156e-02
2.635661698877811432e-02
2.631960198050364852e-02
2.756290300749242306e-02
2.631010400364175439e-02
2.808056096546351910e-02
2.749096701154485345e-02
2.639740501763299108e-02
2.631275699241086841e-02
2.632686600554734468e-02
2.761081402422860265e-02
2.634949400089681149e-02
2.629536797758191824e-02
2.750158298294991255e-02
2.635536104207858443e-02
2.642443298827856779e-02
2.632672595791518688e-02
2.800087298965081573e-02
2.629976801108568907e-02
2.632595697650685906e-02
2.757735998602584004e-02
2.635061100590974092e-02
2.629390096990391612e-02
2.631701802602037787e-02
2.669639099622145295e-02
2.660434198332950473e-02
2.630654198583215475e-02
2.763602597406134009e-02
2.632854197872802615e-02
2.632693498162552714e-02
2.752246498130261898e-02
2.639384299982339144e-02
2.629424998303875327e-02
2.632505004294216633e-02
2.758629899471998215e-02
2.634942403528839350e-02
2.636946900747716427e-02
2.763595595024526119e-02
2.629299298860132694e-02
2.631841495167464018e-02
2.629683399572968483e-02
