1.126388029661029577e-03
1.081061025615781546e-03
1.049073995091021061e-03
1.043767028022557497e-03
1.046351040713489056e-03
1.044045959133654833e-03
1.047119032591581345e-03
1.044464006554335356e-03
1.052915991749614477e-03
1.014153996948152781e-03
1.012059045024216175e-03
1.012618013191968203e-03
1.033080974593758583e-03
1.006262027658522129e-03
1.009754021652042866e-03
1.007099985145032406e-03
9.883129969239234924e-04
9.776280494406819344e-04
9.830750059336423874e-04
9.744839626364409924e-04
9.822369902394711971e-04
9.769290336407721043e-04
9.777669911272823811e-04
9.982300107367336750e-04
9.796529775485396385e-04
9.769989992491900921e-04
1.016249996609985828e-03
9.741350077092647552e-04
9.793039644137024879e-04
9.744149865582585335e-04
9.761610417626798153e-04
9.795129881240427494e-04
9.793740464374423027e-04
9.761609835550189018e-04
9.756709914654493332e-04
9.899890283122658730e-04
9.809099719859659672e-04
9.749740129336714745e-04
9.777670493349432945e-04
9.714810294099152088e-04
9.802809800021350384e-04
9.670810541138052940e-04
9.744149865582585335e-04
9.704330004751682281e-04
9.756020153872668743e-04
9.704339900054037571e-04
9.752530022524297237e-04
9.719700319692492485e-04
9.721799870021641254e-04
9.677800117060542107e-04
9.721799870021641254e-04
9.649170096963644028e-04
9.755319915711879730e-04
9.725990239530801773e-04
9.751130128279328346e-04
9.732280159369111061e-04
9.756719809956848621e-04
9.741350077092647552e-04
9.768590098246932030e-04
9.714119951240718365e-04
9.728079894557595253e-04
9.715509950183331966e-04
9.774179779924452305e-04
9.716909844428300858e-04
9.751130128279328346e-04
9.717599605210125446e-04
9.767890442162752151e-04
9.723200346343219280e-04
9.786749724298715591e-04
9.698059875518083572e-04
9.744150447659194469e-04
9.742749971337616444e-04
9.737859945744276047e-04
9.716909844428300858e-04
9.754620259627699852e-04
9.755319915711879730e-04
9.756020153872668743e-04
9.708530269563198090e-04
9.754620259627699852e-04
9.714119951240718365e-04
9.742749971337616444e-04
9.703640243969857693e-04
9.748340235091745853e-04
9.746939758770167828e-04
9.735760395415127277e-04
9.737159707583487034e-04
9.752520127221941948e-04
9.734369814395904541e-04
9.765090071596205235e-04
9.738560183905065060e-04
9.690370061434805393e-04
9.687580168247222900e-04
9.801419801078736782e-04
9.734369814395904541e-04
9.730180026963353157e-04
9.711320162750780582e-04
9.731570025905966759e-04
9.727380238473415375e-04
9.795830119401216507e-04
9.727379656396806240e-04
