3.547479049302637577e-03
3.353531996253877878e-03
3.366662014741450548e-03
3.314140951260924339e-03
3.262808022554963827e-03
3.283970989286899567e-03
3.250096982810646296e-03
3.250725974794477224e-03
3.251214977353811264e-03
3.251703979913145304e-03
3.285786020569503307e-03
3.258268989156931639e-03
3.253520000725984573e-03
3.257151984144002199e-03
3.260085009969770908e-03
3.251494024880230427e-03
3.255475021433085203e-03
3.252263006288558245e-03
3.259246004745364189e-03
3.250097041018307209e-03
3.248560999054461718e-03
3.248351975344121456e-03
3.248211985919624567e-03
3.249818983022123575e-03
3.270839981269091368e-03
3.260434023104608059e-03
3.254987008403986692e-03
3.255126008298248053e-03
3.257150994613766670e-03
3.252263006288558245e-03
3.246395965106785297e-03
3.247862972784787416e-03
3.253030998166650534e-03
3.251704038120806217e-03
3.255405987147241831e-03
3.244790015742182732e-03
3.261759993620216846e-03
3.235012001823633909e-03
3.245907020755112171e-03
3.255335963331162930e-03
3.239412035327404737e-03
3.237596014514565468e-03
3.236129006836563349e-03
3.234033996704965830e-03
3.247652959544211626e-03
3.242345002945512533e-03
3.250656009186059237e-03
3.245627973228693008e-03
3.247025015298277140e-03
3.239482000935822725e-03
3.248071996495127678e-03
3.249609027989208698e-03
3.251146001275628805e-03
3.259596007410436869e-03
3.256313968449831009e-03
3.239971003495156765e-03
3.249259956646710634e-03
3.249469038564711809e-03
3.245837986469268799e-03
3.244022023864090443e-03
3.246536012738943100e-03
3.239271987695246935e-03
3.250934998504817486e-03
3.238643985241651535e-03
3.255404997617006302e-03
3.260433964896947145e-03
3.249120025429874659e-03
3.245768020860850811e-03
3.251984016969799995e-03
3.253099974244832993e-03
3.239552024751901627e-03
3.246815002057701349e-03
3.243881976231932640e-03
3.249469038564711809e-03
3.244998981244862080e-03
3.260433964896947145e-03
3.255685034673660994e-03
3.236477961763739586e-03
3.260434023104608059e-03
3.244021965656429529e-03
3.242625040002167225e-03
3.250028006732463837e-03
3.254706971347332001e-03
3.245976986363530159e-03
3.256313037127256393e-03
3.241437021642923355e-03
3.255336021538823843e-03
3.242135979235172272e-03
3.245558007620275021e-03
3.235430980566889048e-03
3.242623992264270782e-03
3.241646976675838232e-03
3.261550969909876585e-03
3.245836996939033270e-03
3.233684983570128679e-03
3.247653017751872540e-03
3.246885025873780251e-03
3.237107011955231428e-03
3.246534965001046658e-03
3.246535954531282187e-03
