2.231035230215638876e-01
2.221946890349499881e-01
2.207230799831449986e-01
2.069913200102746487e-01
2.069177789962850511e-01
2.084072669968008995e-01
2.082272169645875692e-01
2.061048350296914577e-01
2.069016449968330562e-01
2.062039389857091010e-01
2.056501740007661283e-01
2.080846040043979883e-01
2.084975700126960874e-01
2.070608819485642016e-01
2.101140290033072233e-01
2.080514290137216449e-01
2.097438040073029697e-01
2.078607639996334910e-01
2.086562479962594807e-01
2.069809840177185833e-01
2.077240169746801257e-01
2.052231690031476319e-01
2.090090829879045486e-01
2.049950690125115216e-01
2.082673059776425362e-01
2.061671330011449754e-01
2.099672940094023943e-01
2.050570879946462810e-01
2.091579820262268186e-01
2.097174050286412239e-01
2.061964650056324899e-01
2.085992579814046621e-01
2.092412320198491216e-01
2.050940329791046679e-01
2.060027979896403849e-01
2.059466459904797375e-01
2.094606010359711945e-01
2.073408019496127963e-01
2.098627419909462333e-01
2.085592399816960096e-01
2.095606120419688523e-01
2.101163339684717357e-01
2.094265879713930190e-01
2.069895049789920449e-01
2.092871170025318861e-01
2.050298500107601285e-01
2.102012600516900420e-01
2.074580650078132749e-01
2.098519179853610694e-01
2.059875729610212147e-01
2.057712060050107539e-01
2.089603340136818588e-01
2.077678760397247970e-01
2.076748500112444162e-01
2.079330499982461333e-01
2.064037530217319727e-01
2.057913210010156035e-01
2.071082330076023936e-01
2.088578779948875308e-01
2.073104209848679602e-01
2.096929599647410214e-01
2.074005160247907043e-01
2.068409539642743766e-01
2.066303140018135309e-01
2.103387759998440742e-01
2.075301400036551058e-01
2.061481359996832907e-01
2.081915989983826876e-01
2.087741389987058938e-01
2.064858149969950318e-01
2.064360880176536739e-01
2.063758859876543283e-01
2.061591010424308479e-01
2.052569019724614918e-01
2.084665609872899950e-01
2.072099910001270473e-01
2.093559100176207721e-01
2.066653040237724781e-01
2.089745809789747000e-01
2.073262060293927789e-01
2.073208270012401044e-01
2.057052779709920287e-01
2.056466109934262931e-01
2.081460630288347602e-01
2.076736619928851724e-01
2.073861289536580443e-01
2.063598220120184124e-01
2.090580409858375788e-01
2.066470769932493567e-01
2.068130180123262107e-01
2.085282300249673426e-01
2.076110850321128964e-01
2.078037749743089080e-01
2.073089539771899581e-01
2.088717059814371169e-01
2.067188720102421939e-01
2.066726380144245923e-01
2.081168000004254282e-01
2.082394399913027883e-01
2.071228299755603075e-01
